# Extracted
0064 55
0065 17
0066 3
0067 37
0068 46
0069 0
006A 23
006B 0
006C 3
006D 118
006E 3
006F 2
0070 3
0071 28
0072 19
0073 11
0074 3
0075 0
0076 9
0077 5
0078 55
0079 53
007A 58
007B 60
007C 44
007D 2
007E 6
007F 6
0080 7
0081 3
0082 2
0083 2
0084 2
0085 5
0086 16
0087 12
0088 10
0089 7
008A 29
008B 23
008C 0
008D 0
008E 0
008F 0
0090 7
0091 22
0092 28
0093 2
0094 6
0095 30
0096 0
0097 0
0098 3
0099 0
009A 0
009B 5
009C 9
009D 17
009E 17
009F 6
00A0 23
00A1 6
00A2 6
00A3 0
00A4 0
00A5 0
00A6 0
00A7 8
00A8 7
00A9 6
00AA 9
00AB 4
00AC 7
00AD 0
00AE 0
00AF 6
00B0 8
00B1 8
00B2 3
00B3 3
00B4 0
00B5 6
00B6 6
00B7 0
00B8 7
00B9 6
00BA 2
00BB 5
00BC 6
00BD 44
00BE 5
00BF 3
00C0 7
00C1 2
00C2 6
00C3 8
00C4 6
00C5 7
00C6 0
00C7 0
00C8 0
00C9 0
00CA 3
00CB 3
00CC 6
00CD 3
00CE 2
00CF 27
00D0 3
00D1 4
00D2 4
00D3 2
00D4 0
00D5 0
00D6 3
00D7 0
00D8 6
00D9 14
00DA 3
00DB 0
00DC 28
00DD 29
00DE 0
00DF 0
00E0 30
00E1 30
00E2 26
00E3 2
00E4 6
00E5 26
00E6 3
00E7 3
00E8 8
00E9 19
00EA 5
00EB 2
00EC 3
00ED 2
00EE 2
00EF 2
00F0 3
00F1 2
00F2 6
00F3 8
00F4 21
00F5 8
00F6 8
00F7 2
00F8 2
00F9 26
00FA 3
00FB 0
00FC 6
00FD 27
00FE 30
00FF 10
0100 2
0101 6
0102 6
0103 30
0104 79
0105 31
0106 10
0107 10
0108 0
0109 0
010A 4
010B 6
010C 6
010D 2
010E 11
010F 0
0110 10
0111 39
0112 4
0113 10
0114 31
0115 35
0116 10
0117 18
0118 2
0119 13
011A 15
011B 20
011C 68
011D 2
011E 3
011F 16
0120 6
0121 14
0122 0
0123 0
0124 21
0125 8
0126 8
0127 8
0128 8
0129 8
012A 2
012B 2
012C 3
012D 4
012E 2
012F 0
0130 6
0131 86
0132 6
0133 0
0134 0
0135 7
0136 0
0137 6
0138 3
0139 16
013A 4
013B 4
013C 4
013D 6
013E 24
013F 26
0140 22
0141 14
0142 6
0143 10
0144 23
0145 19
0146 6
0147 39
0148 8
0149 9
014A 6
014B 27
014C 0
014D 2
014E 6
014F 6
0150 110
0151 6
0152 0
0153 0
0154 0
0155 0
0156 0
0157 6
0158 0
0159 54
015A 66
015B 54
015C 90
015D 42
015E 6
015F 42
0160 0
0161 0
0162 0
0163 0
0164 0
0165 30
0166 0
0167 3
0168 14
0169 3
016A 30
016B 10
016C 43
016D 14
016E 186
016F 182
0170 14
0171 30
0172 10
0173 3
0174 0
0175 6
0176 106
0177 0
0178 4
0179 5
017A 4
017B 0
017C 6
017D 7
017E 0
017F 0
0180 6
0181 3
0182 106
0183 10
0184 10
0185 34
0186 0
0187 6
0188 8
0189 4
018A 4
018B 4
018C 29
018D 0
018E 10
018F 6
0190 90
0191 86
0192 24
0193 6
0194 30
0195 102
0196 9
0197 4
0198 8
0199 4
019A 14
019B 10
019C 0
019D 6
019E 2
019F 6
01A0 3
01A1 3
01A2 37
01A3 5
01A4 11
01A5 26
01A6 0
01A7 4
01A8 4
01A9 6
01AA 10
01AB 12
01AC 6
01AD 0
01AE 4
01AF 4
01B0 11
01B1 7
01B2 0
01B3 67
01B4 12
01B5 18
01B6 114
01B7 6
01B8 3
01B9 6
01BA 26
01BB 26
01BC 26
01BD 26
01BE 2
01BF 3
01C0 2
01C1 14
01C2 10
01C3 0
01C4 22
01C5 22
01C6 4
01C7 2
01C8 13
01C9 97
01CA 3
01CB 9
01CC 9
01CD 30
01CE 6
01CF 28
01D0 8
01D1 14
01D2 10
01D3 35
01D4 6
01D5 0
01D6 4
01D7 11
01D8 54
01D9 53
01DA 60
01DB 2
01DC 0
01DD 47
01DE 33
01DF 6
01E0 30
01E1 8
01E2 34
01E3 14
01E4 2
01E5 6
01E6 26
01E7 2
01E8 28
01E9 81
01EA 6
01EB 10
01EC 26
01ED 2
01EE 0
01EF 0
01F0 0
01F1 0
01F2 20
01F3 10
01F4 32
01F5 9
01F6 34
01F7 14
01F8 2
01F9 6
01FA 48
01FB 56
01FC 0
01FD 15
01FE 5
01FF 10
0200 26
0201 0
0202 26
0203 10
0204 18
0205 26
0206 11
0207 34
0208 14
0209 36
020A 10
020B 0
020C 0
020D 0
020E 32
020F 0
0210 0
0211 0
0212 26
0213 26
0214 42
0215 6
0216 6
0217 2
0218 2
0219 282
021A 282
021B 10
021C 10
021D 6
021E 6
021F 66
0220 10
0221 0
0222 6
0223 8
0224 10
0225 2
0226 282
0227 18
0228 18
0229 15
022A 58
022B 57
022C 65
022D 5
022E 71
022F 5
0230 12
0231 26
0232 9
0233 11
0234 6
0235 0
0236 10
0237 2
0238 282
0239 11
023A 4
023B 36
023C 6
023D 6
023E 8
023F 2
0240 0
0241 6
0242 0
0243 6
0244 6
0245 3
0246 4
0247 8
0248 0
0249 3
024A 70
024B 4
024C 8
024D 12
024E 6
024F 10
0250 3
0251 34
0252 0
0253 3
0254 3
0255 5
0256 5
0257 8
0258 2
0259 3
025A 0
025B 6
025C 4
025D 6
025E 4
025F 6
0260 6
0261 11
0262 11
0263 11
0264 20
0265 20
0266 30
0267 4
0268 4
0269 4
026A 4
026B 4
026C 4
026D 4
026E 0
026F 2
0270 2
0271 40
0272 44
0273 30
0274 8
0275 37
0276 0
0277 84
0278 2
0279 2
027A 0
027B 14
027C 60
027D 62
027E 0
027F 8
0280 12
0281 4
0282 284
0283 6
0284 14
0285 6
0286 4
0287 0
0288 6
0289 8
028A 18
028B 0
028C 46
028D 34
028E 4
028F 6
0290 4
0291 4
0292 2
0293 70
0294 10
0295 0
0296 0
0297 0
0298 8
0299 6
029A 27
029B 80
029C 66
029D 0
029E 11
029F 3
02A0 0
02A1 0
02A2 8
02A3 0
02A4 0
02A5 8
02A6 0
02A7 0
02A8 0
02A9 0
02AA 4
02AB 36
02AC 6
02AD 8
02AE 0
02AF 0
02B0 85
02B1 0
02B2 0
02B3 107
02B4 6
02B5 0
02B6 7
02B7 7
02B8 22
02B9 191
02BA 11
02BB 8
02BC 6
02BD 0
02BE 0
02BF 0
02C0 0
02C1 0
02C2 0
02C3 0
02C4 26
02C5 30
02C6 30
02C7 7
02C8 3
02C9 3
02CA 3
02CB 65
02CC 4
02CD 71
02CE 10
02CF 6
02D0 0
02D1 0
02D2 0
02D3 4
02D4 29
02D5 2
02D6 6
02D7 0
02D8 10
02D9 10
02DA 3
02DB 0
02DC 0
02DD 32
02DE 6
02DF 36
02E0 34
02E1 33
02E2 8
02E3 10
02E4 6
02E5 5
02E6 6
02E7 0
02E8 0
02E9 0
02EA 0
02EB 13
02EC 67
02ED 59
02EE 60
02EF 8
02F0 10
02F1 2
02F2 2
02F3 0
02F4 3
02F5 7
02F6 7
02F7 0
02F8 0
02F9 0
02FA 0
02FB 0
02FC 0
02FD 0
02FE 0
02FF 0
0300 0
0301 0
0302 0
0303 0
0304 0
0305 0
0306 0
0307 0
0308 0
0309 0
030A 0
030B 0
030C 0
030D 0
030E 0
030F 0
0310 0
0311 0
0312 0
0313 0
0314 0
0315 0
0316 0
0317 0
0318 0
0319 0
031A 0
031B 0
031C 0
031D 0
031E 0
031F 0
0320 0
0321 0
0322 0
0323 0
0324 0
0325 0
0326 0
0327 0
0328 0
0329 0
032A 0
032B 0
032C 0
032D 0
032E 0
032F 0
0330 0
0331 0
0332 0
0333 0
0334 0
0335 0
0336 0
0337 0
0338 0
0339 0
033A 0
033B 0
033C 0
033D 0
033E 0
033F 0
0340 0
0341 0
0342 0
0343 0
0344 0
0345 0
0346 0
0347 0
0348 0
0349 0
034A 0
034B 0
034C 0
034D 0
034E 0
034F 0
0350 0
0351 0
0352 0
0353 0
0354 0
0355 0
0356 0
0357 0
0358 0
0359 0
035A 0
035B 0
035C 2
035D 0
035E 2
035F 5
0360 6
0361 5
0362 6
0363 6
0364 8
0365 8
0366 10
0367 90
0368 6
0369 6
036A 0
036B 0
036C 0
036D 0
036E 0
036F 0
0370 0
0371 0
0372 0
0373 0
0374 0
0375 0
0376 0
0377 0
0378 0
0379 0
037A 0
037B 0
037C 0
037D 0
037E 0
037F 0
0380 0
0381 0
0382 0
0383 0
0384 0
0385 0
0386 0
0387 0
0388 0
0389 0
038A 0
038B 0
038C 0
038D 0
038E 0
038F 0
0390 0
0391 0
0392 0
0393 0
0394 0
0395 0
0396 0
0397 0
0398 0
0399 0
039A 0
039B 0
039C 0
039D 0
039E 0
039F 0
03A0 0
03A1 0
03A2 0
03A3 0
03A4 0
03A5 0
03A6 0
03A7 0
03A8 0
03A9 0
03AA 0
03AB 0
03AC 0
03AD 0
03AE 0
03AF 0
03B0 0
03B1 0
03B2 0
03B3 0
03B4 0
03B5 0
03B6 0
03B7 0
03B8 0
03B9 0
03BA 0
03BB 0
03BC 0
03BD 0
03BE 0
03BF 0
03C0 0
03C1 0
03C2 0
03C3 0
03C4 0
03C5 0
03C6 0
03C7 0
03C8 0
03C9 0
03CA 0
03CB 0
03CC 0
03CD 0
03CE 0
03CF 0
03D0 0
03D1 0
03D2 0
03D3 0
03D4 0
03D5 0
03D6 0
03D7 0
03D8 0
03D9 0
03DA 0
03DB 0
03DC 0
03DD 18
03DE 18
03DF 0
03E0 0
03E1 0
03E2 0
03E3 0
03E4 0
03E5 0
03E6 0
03E7 0
03E8 0
03E9 0
03EA 0
03EB 0
03EC 0
03ED 0
03EE 0
03EF 0
03F0 0
03F1 0
03F2 0
03F3 0
03F4 0
03F5 0
03F6 0
03F7 0
03F8 0
03F9 0
03FA 0
03FB 0
03FC 0
03FD 0
03FE 0
03FF 0
0400 0
0401 0
0402 0
0403 0
0404 0
0405 0
0406 0
0407 0
0408 0
0409 0
040A 0
040B 0
040C 0
040D 0
040E 0
040F 0
0410 0
0411 0
0412 0
0413 0
0414 0
0415 0
0416 0
0417 0
0418 0
0419 0
041A 0
041B 0
041C 0
041D 0
041E 0
041F 0
0420 0
0421 0
0422 0
0423 0
0424 0
0425 0
0426 0
0427 0
0428 0
0429 0
042A 0
042B 0
042C 0
042D 0
042E 0
042F 0
0430 0
0431 0
0432 0
0433 0
0434 0
0435 0
0436 19
0437 7
0438 10
0439 8
043A 0
043B 0
043C 0
043D 8
043E 0
043F 25
0440 10
0441 4
0442 0
0443 8
0444 0
0445 6
0446 14
0447 2
0448 0
0449 4
044A 6
044B 2
044C 0
044D 0
044E 0
044F 0
0450 0
0451 0
0452 0
0453 0
0454 0
0455 0
0456 0
0457 0
0458 0
0459 0
045A 0
045B 0
045C 0
045D 0
045E 0
045F 0
0460 0
0461 0
0462 0
0463 0
0464 0
0465 0
0466 0
0467 0
0468 0
0469 0
046A 0
046B 0
046C 0
046D 0
046E 0
046F 0
0470 0
0471 0
0472 0
0473 0
0474 0
0475 0
0476 0
0477 0
0478 0
0479 0
047A 0
047B 0
047C 0
047D 0
047E 0
047F 0
0480 0
0481 0
0482 0
0483 0
0484 0
0485 0
0486 0
0487 0
0488 0
0489 0
048A 0
048B 0
048C 0
048D 0
048E 0
048F 0
0490 0
0491 0
0492 0
0493 0
0494 0
0495 0
0496 0
0497 0
0498 0
0499 0
049A 0
049B 0
049C 0
049D 0
049E 0
049F 0
04A0 0
04A1 0
04A2 0
04A3 0
04A4 0
04A5 0
04A6 0
04A7 0
04A8 0
04A9 0
04AA 0
04AB 0
04AC 0
04AD 0
04AE 0
04AF 0
04B0 0
04B1 0
04B2 0
04B3 0
04B4 0
04B5 0
04B6 0
04B7 0
04B8 0
04B9 0
04BA 0
04BB 0
04BC 0
04BD 0
04BE 0
04BF 0
04C0 0
04C1 0
04C2 0
04C3 0
04C4 0
04C5 0
04C6 0
04C7 0
04C8 0
04C9 0
04CA 0
04CB 0
04CC 0
04CD 0
04CE 0
04CF 0
04D0 0
04D1 0
04D2 0
04D3 0
04D4 0
04D5 0
04D6 0
04D7 0
04D8 0
04D9 0
04DA 0
04DB 0
04DC 0
04DD 0
04DE 0
04DF 0
04E0 0
04E1 0
04E2 0
04E3 0
04E4 0
04E5 0
04E6 0
04E7 0
04E8 0
04E9 0
04EA 0
04EB 0
04EC 0
04ED 0
04EE 0
04EF 0
04F0 0
04F1 0
04F2 0
04F3 0
04F4 0
04F5 0
04F6 0
04F7 0
04F8 0
04F9 0
04FA 0
04FB 0
04FC 0
04FD 0
04FE 0
04FF 0
0500 0
0501 0
0502 0
0503 0
0504 0
0505 0
0506 0
0507 0
0508 0
0509 0
050A 0
050B 0
050C 0
050D 0
050E 0
050F 0
0510 0
0511 0
0512 0
0513 0
0514 0
0515 0
0516 0
0517 0
0518 0
0519 0
051A 0
051B 0
051C 0
051D 0
051E 0
051F 0
0520 0
0521 0
0522 0
0523 0
0524 0
0525 0
0526 0
0527 0
0528 0
0529 0
052A 0
052B 0
052C 0
052D 0
052E 0
052F 0
0530 0
0531 0
0532 0
0533 0
0534 0
0535 0
0536 0
0537 0
0538 0
0539 0
053A 0
053B 0
053C 0
053D 0
053E 0
053F 0
0540 0
0541 0
0542 0
0543 0
0544 0
0545 0
0546 0
0547 0
0548 0
0549 0
054A 0
054B 0
054C 0
054D 0
054E 0
054F 0
0550 0
0551 0
0552 0
0553 0
0554 0
0555 0
0556 0
0557 0
0558 0
0559 0
055A 0
055B 0
055C 0
055D 0
055E 0
055F 0
0560 0
0561 0
0562 0
0563 0
0564 0
0565 0
0566 0
0567 0
0568 0
0569 0
056A 0
056B 0
056C 0
056D 0
056E 0
056F 0
0570 0
0571 0
0572 0
0573 0
0574 0
0575 0
0576 0
0577 0
0578 0
0579 0
057A 0
057B 0
057C 0
057D 0
057E 0
057F 0
0580 0
0581 0
0582 0
0583 0
0584 0
0585 0
0586 0
0587 0
0588 0
0589 0
058A 0
058B 0
058C 0
058D 0
058E 0
058F 0
0590 0
0591 0
0592 0
0593 0
0594 0
0595 0
0596 0
0597 0
0598 0
0599 0
059A 0
059B 0
059C 0
059D 0
059E 0
059F 0
05A0 0
05A1 0
05A2 0
05A3 0
05A4 0
05A5 0
05A6 0
05A7 0
05A8 0
05A9 0
05AA 0
05AB 0
05AC 0
05AD 0
05AE 0
05AF 0
05B0 0
05B1 0
05B2 0
05B3 0
05B4 0
05B5 0
05B6 0
05B7 0
05B8 0
05B9 0
05BA 0
05BB 0
05BC 0
05BD 0
05BE 0
05BF 0
05C0 0
05C1 0
05C2 0
05C3 0
05C4 0
05C5 0
05C6 0
05C7 0
05C8 0
05C9 0
05CA 0
05CB 0
05CC 0
05CD 0
05CE 0
05CF 0
05D0 0
05D1 0
05D2 0
05D3 0
05D4 0
05D5 0
05D6 0
05D7 0
05D8 0
05D9 0
05DA 0
05DB 0
05DC 0
05DD 0
05DE 0
05DF 0
05E0 0
05E1 0
05E2 0
05E3 0
05E4 0
05E5 0
05E6 0
05E7 0
05E8 0
05E9 0
05EA 0
05EB 0
05EC 0
05ED 0
05EE 0
05EF 0
05F0 0
05F1 0
05F2 0
05F3 0
05F4 0
05F5 0
05F6 0
05F7 0
05F8 0
05F9 0
05FA 0
05FB 0
05FC 0
05FD 0
05FE 0
05FF 0
0600 0
0601 0
0602 0
0603 0
0604 0
0605 0
0606 0
0607 0
0608 0
0609 0
060A 0
060B 0
060C 0
060D 0
060E 0
060F 0
0610 0
0611 0
0612 0
0613 0
0614 0
0615 0
0616 0
0617 0
0618 0
0619 0
061A 0
061B 0
061C 0
061D 0
061E 0
061F 0
0620 0
0621 0
0622 0
0623 0
0624 0
0625 0
0626 0
0627 0
0628 0
0629 0
062A 0
062B 0
062C 0
062D 0
062E 0
062F 0
0630 0
0631 0
0632 0
0633 0
0634 0
0635 0
0636 0
0637 0
0638 0
0639 0
063A 0
063B 0
063C 0
063D 0
063E 0
063F 0
0640 0
0641 0
0642 0
0643 0
0644 0
0645 0
0646 0
0647 0
0648 0
0649 0
064A 0
064B 0
064C 0
064D 0
064E 0
064F 0
0650 0
0651 0
0652 0
0653 0
0654 0
0655 0
0656 0
0657 0
0658 0
0659 0
065A 0
065B 0
065C 0
065D 0
065E 0
065F 0
0660 0
0661 0
0662 0
0663 0
0664 0
0665 0
0666 0
0667 0
0668 0
0669 0
066A 0
066B 0
066C 0
066D 0
066E 0
066F 0
0670 0
0671 0
0672 0
0673 0
0674 0
0675 0
0676 0
0677 0
0678 0
0679 0
067A 0
067B 0
067C 0
067D 0
067E 0
067F 0
0680 0
0681 0
0682 0
0683 0
0684 0
0685 0
0686 0
0687 0
0688 0
0689 0
068A 0
068B 0
068C 0
068D 0
068E 0
068F 0
0690 0
0691 0
0692 0
0693 0
0694 0
0695 0
0696 0
0697 0
0698 0
0699 0
069A 0
069B 0
069C 0
069D 0
069E 0
069F 0
06A0 0
06A1 0
06A2 0
06A3 0
06A4 0
06A5 0
06A6 0
06A7 0
06A8 0
06A9 0
06AA 0
06AB 0
06AC 0
06AD 0
06AE 0
06AF 0
06B0 0
06B1 0
06B2 0
06B3 0
06B4 0
06B5 0
06B6 0
06B7 0
06B8 0
06B9 0
06BA 0
06BB 0
06BC 0
06BD 0
06BE 0
06BF 0
06C0 0
06C1 0
06C2 0
06C3 0
06C4 0
06C5 0
06C6 0
06C7 0
06C8 0
06C9 0
06CA 0
06CB 0
06CC 0
06CD 0
06CE 0
06CF 0
06D0 0
06D1 0
06D2 0
06D3 0
06D4 0
06D5 0
06D6 0
06D7 0
06D8 0
06D9 0
06DA 0
06DB 0
06DC 0
06DD 0
06DE 0
06DF 0
06E0 0
06E1 0
06E2 0
06E3 0
06E4 0
06E5 0
06E6 0
06E7 0
06E8 0
06E9 0
06EA 0
06EB 0
06EC 0
06ED 0
06EE 0
06EF 0
06F0 0
06F1 0
06F2 0
06F3 0
06F4 0
06F5 0
06F6 0
06F7 0
06F8 0
06F9 0
06FA 0
06FB 0
06FC 0
06FD 0
06FE 0
06FF 0
0700 0
0701 0
0702 0
0703 0
0704 0
0705 0
0706 0
0707 0
0708 0
0709 0
070A 0
070B 0
070C 0
070D 0
070E 0
070F 0
0710 0
0711 0
0712 0
0713 0
0714 0
0715 0
0716 0
0717 0
0718 0
0719 0
071A 0
071B 0
071C 0
071D 0
071E 0
071F 0
0720 0
0721 0
0722 0
0723 0
0724 0
0725 0
0726 0
0727 0
0728 0
0729 0
072A 0
072B 0
072C 0
072D 0
072E 0
072F 0
0730 0
0731 0
0732 0
0733 0
0734 0
0735 0
0736 0
0737 0
0738 0
0739 0
073A 0
073B 0
073C 0
073D 0
073E 0
073F 0
0740 0
0741 0
0742 0
0743 0
0744 0
0745 0
0746 0
0747 0
0748 0
0749 0
074A 0
074B 0
074C 0
074D 0
074E 0
074F 0
0750 0
0751 0
0752 0
0753 0
0754 0
0755 0
0756 0
0757 0
0758 0
0759 0
075A 0
075B 0
075C 0
075D 0
075E 0
075F 0
0760 0
0761 0
0762 0
0763 0
0764 0
0765 0
0766 0
0767 0
0768 0
0769 0
076A 0
076B 0
076C 0
076D 0
076E 0
076F 0
0770 0
0771 0
0772 0
0773 0
0774 0
0775 0
0776 0
0777 0
0778 0
0779 0
077A 0
077B 0
077C 0
077D 0
077E 0
077F 0
0780 0
0781 0
0782 0
0783 0
0784 0
0785 0
0786 0
0787 0
0788 0
0789 0
078A 0
078B 0
078C 0
078D 0
078E 0
078F 0
0790 0
0791 0
0792 0
0793 0
0794 0
0795 0
0796 0
0797 0
0798 0
0799 0
079A 0
079B 0
079C 0
079D 0
079E 0
079F 0
07A0 0
07A1 0
07A2 0
07A3 0
07A4 0
07A5 0
07A6 0
07A7 0
07A8 0
07A9 0
07AA 0
07AB 0
07AC 0
07AD 0
07AE 0
07AF 0
07B0 0
07B1 0
07B2 0
07B3 0
07B4 0
07B5 0
07B6 0
07B7 0
07B8 0
07B9 0
07BA 0
07BB 0
07BC 0
07BD 0
07BE 0
07BF 0
07C0 0
07C1 0
07C2 0
07C3 0
07C4 0
07C5 0
07C6 0
07C7 0
07C8 0
07C9 0
07CA 0
07CB 0
07CC 0
07CD 0
07CE 0
07CF 0
07D0 0
07D1 0
07D2 0
07D3 0
07D4 0
07D5 0
07D6 0
07D7 8
07D8 8
07D9 268
07DA 6
07DB 8
07DC 6
07DD 54
07DE 30
07DF 54
07E0 58
07E1 15
07E2 8
07E3 6
07E4 0
07E5 4
07E6 8
07E7 32
07E8 0
07E9 5
07EA 2
07EB 0
07EC 8
07ED 10
07EE 6
07EF 8
07F0 6
07F1 18
07F2 8
07F3 6
07F4 3
07F5 6
07F6 14
07F7 0
07F8 0
07F9 0
07FA 8
07FB 25
07FC 10
07FD 0
07FE 26
07FF 0
0800 0
0801 0
0802 18
0803 4
0804 14
0805 0
0806 2
0807 4
0808 14
0809 50
080A 18
080B 6
080C 2
080D 3
080E 14
080F 20
0810 3
0811 0
0812 8
0813 0
0814 86
0815 2
0816 6
0817 6
0818 0
0819 0
081A 4
081B 10
081C 10
081D 22
081E 8
081F 0
0820 11
0821 2
0822 9
0823 0
0824 6
0825 0
0826 4
0827 6
0828 14
0829 12
082A 10
082B 6
082C 10
082D 0
082E 0
082F 0
0830 0
0831 0
0832 0
0833 0
0834 0
0835 0
0836 0
0837 3
0838 2
0839 66
083A 5
083B 2
083C 12
083D 6
083E 26
083F 0
0840 0
0841 4
0842 6
0843 6
0844 2
0845 6
0846 4
0847 0
0848 0
0849 12
084A 2
084B 19
084C 10
084D 10
084E 5
084F 6
0850 7
0851 0
0852 2
0853 0
0854 0
0855 6
0856 0
0857 0
0858 0
0859 0
085A 2
085B 2
085C 2
085D 2
085E 2
085F 2
0860 2
0861 2
0862 2
0863 2
0864 2
0865 2
0866 2
0867 2
0868 2
0869 2
086A 2
086B 2
086C 2
086D 2
086E 2
086F 2
0870 2
0871 2
0872 2
0873 2
0874 2
0875 2
0876 2
0877 2
0878 2
0879 2
087A 2
087B 2
087C 2
087D 2
087E 2
087F 2
0880 2
0881 2
0882 2
0883 2
0884 2
0885 2
0886 2
0887 2
0888 2
0889 2
088A 2
088B 2
088C 2
088D 2
088E 2
088F 2
0890 2
0891 2
0892 2
0893 2
0894 2
0895 2
0896 2
0897 2
0898 2
0899 2
089A 2
089B 2
089C 2
089D 2
089E 2
089F 2
08A0 2
08A1 2
08A2 2
08A3 2
08A4 2
08A5 2
08A6 2
08A7 2
08A8 2
08A9 2
08AA 2
08AB 2
08AC 2
08AD 2
08AE 0
08AF 10
08B0 17
08B1 0
08B2 0
08B3 0
08B4 2
08B5 6
08B6 3
08B7 0
08B8 10
08B9 12
08BA 10
08BB 8
08BC 10
08BD 8
08BE 14
08BF 8
08C0 0
08C1 2
08C2 2
08C3 10
08C4 8
08C5 6
08C6 4
08C7 0
08C8 34
08C9 2
08CA 0
08CB 0
08CC 109
08CD 10
08CE 2
08CF 10
08D0 9
08D1 7
08D2 10
08D3 10
08D4 8
08D5 0
08D6 6
08D7 28
08D8 27
08D9 30
08DA 26
08DB 27
08DC 26
08DD 27
08DE 27
08DF 50
08E0 51
08E1 51
08E2 27
08E3 118
08E4 6
08E5 41
08E6 4
08E7 10
08E8 0
08E9 2
08EA 4
08EB 39
08EC 73
08ED 43
08EE 6
08EF 6
08F0 6
08F1 6
08F2 36
08F3 0
08F4 6
08F5 0
08F6 22
08F7 3
08F8 7
08F9 6
08FA 6
08FB 6
08FC 30
08FD 6
08FE 0
08FF 24
0900 0
0901 0
0902 0
0903 0
0904 0
0905 0
0906 0
0907 5
0908 5
0909 6
090A 26
090B 30
090C 30
090D 0
090E 2
090F 0
0910 10
0911 30
0912 10
0913 30
0914 0
0915 0
0916 26
0917 2
0918 2
0919 2
091A 2
091B 2
091C 2
091D 2
091E 2
091F 2
0920 2
0921 2
0922 2
0923 2
0924 2
0925 2
0926 2
0927 2
0928 2
0929 2
092A 2
092B 2
092C 2
092D 2
092E 2
092F 2
0930 2
0931 2
0932 2
0933 2
0934 2
0935 2
0936 2
0937 2
0938 2
0939 2
093A 2
093B 2
093C 2
093D 2
093E 2
093F 2
0940 2
0941 2
0942 2
0943 2
0944 2
0945 2
0946 2
0947 2
0948 2
0949 2
094A 2
094B 2
094C 2
094D 2
094E 2
094F 2
0950 2
0951 2
0952 2
0953 2
0954 2
0955 2
0956 2
0957 2
0958 2
0959 2
095A 2
095B 2
095C 2
095D 2
095E 2
095F 2
0960 2
0961 2
0962 2
0963 2
0964 2
0965 2
0966 2
0967 2
0968 2
0969 2
096A 2
096B 4
096C 6
096D 0
096E 0
096F 7
0970 31
0971 6
0972 0
0973 7
0974 2
0975 0
0976 0
0977 14
0978 6
0979 50
097A 0
097B 0
097C 4
097D 288
097E 12
097F 0
0980 7
0981 0
0982 7
0983 29
0984 28
0985 0
0986 10
0987 0
0988 6
0989 2
098A 0
098B 2
098C 4
098D 0
098E 0
098F 0
0990 31
0991 0
0992 0
0993 0
0994 0
0995 0
0996 0
0997 0
0998 8
0999 11
099A 9
099B 8
099C 6
099D 0
099E 12
099F 0
09A0 6
09A1 2